52694.0,1509.5
52696.0,1509.9
52698.0,1511.0
52700.984,1512.3
52703.0,1512.9
52704.984,1513.6
52708.0,1514.6
52710.0,1515.2
52712.984,1516.2
52715.0,1516.8
52716.984,1518.6
52719.0,1520.0
52722.0,1526.9
52724.0,1535.5
52727.0,1552.3
52728.984,1559.0
52731.0,1565.3
52734.0,1576.7
52736.0,1581.9
52738.0,1587.2
52740.0,1590.7
52743.0,1596.8
52744.984,1601.0
52747.0,1606.9
52750.0,1618.0
52752.0,1621.1
52754.0,1624.6
52756.0,1630.0
52758.0,1634.6
52760.0,1640.0
52763.0,1650.2
52764.984,1658.4
52767.0,1670.5
52770.0,1683.1
52772.0,1691.1
52774.0,1694.2
52776.984,1715.4
52779.0,1735.3
52780.984,1750.1
52783.0,1766.5
52786.0,1782.6
52788.0,1793.1
52790.0,1805.0
52792.0,1817.8
52795.0,1837.8
52796.984,1852.0
52799.0,1864.3
52802.0,1888.0
52804.0,1901.6
52807.0,1921.6
52808.984,1935.5
52811.0,1949.5
52812.984,1962.6
52816.0,1981.9
52818.0,1994.1
52820.0,2006.4
52822.0,2019.6
52824.0,2033.2
52827.0,2054.5
52828.984,2068.8
52831.0,2083.2
52832.984,2098.7
52836.0,2121.1
52838.0,2133.8
52840.0,2145.0
52842.0,2157.1
52844.0,2169.8
52846.0,2182.4
52848.0,2196.6
52851.0,2216.5
52852.984,2230.2
52855.0,2243.5
52858.0,2265.6
52860.0,2280.4
52862.0,2295.9
52864.984,2317.9
52867.0,2331.8
52868.984,2344.7
52871.0,2356.3
52874.0,2373.0
52876.984,2390.9
52879.0,2405.5
52880.984,2419.9
52884.0,2441.8
52886.0,2455.4
52888.0,2468.5
52890.0,2480.6
52892.984,2495.7
52895.0,2503.3
52896.984,2509.2
52899.0,2517.2
52900.984,2528.3
52903.0,2537.8
52906.0,2560.3
52908.0,2573.6
52910.0,2586.9
52912.0,2599.6
52914.0,2610.9
52916.984,2628.5
52919.0,2641.5
52922.0,2660.6
52924.0,2673.5
52926.0,2687.0
52928.0,2696.9
52931.0,2716.5
52932.984,2729.3
52935.0,2741.3
52938.0,2757.9
52940.0,2767.4
52942.0,2778.8
52944.984,2798.5
52947.0,2811.8
52948.984,2824.9
52952.0,2841.4
52954.0,2851.3
52956.0,2861.9
52959.0,2878.2
52962.0,2893.2
52964.984,2907.3
52967.0,2916.7
52968.984,2927.1
52971.0,2939.2
52974.0,2957.6
52976.0,2970.5
52978.0,2984.0
52980.984,3002.6
52983.0,3013.8
52984.984,3025.0
52987.0,3037.0
52988.984,3050.0
52991.0,3063.7
52994.0,3083.0
52996.0,3089.7
52999.0,3105.0
53000.984,3117.0
53004.0,3135.0
53006.0,3143.0
53008.0,3155.6
53010.0,3164.0
53012.0,3171.3
53015.0,3191.0
53016.984,3203.6
53020.0,3216.9
53022.0,3228.0
53024.984,3246.3
53028.0,3267.1
53030.0,3279.9
53032.0,3289.0
53034.0,3302.0
53036.0,3313.5
53039.0,3331.8
53040.984,3345.1
53043.0,3355.1
53046.0,3370.0
53048.0,3377.6
53051.0,3388.9
53052.984,3399.5
53056.0,3411.8
53058.0,3423.2
53060.984,3443.6
53063.0,3455.2
53064.984,3466.3
53068.0,3484.0
53070.0,3497.5
53072.0,3512.3
53074.0,3526.7
53076.0,3541.6
53078.0,3555.5
53080.984,3576.2
53083.0,3588.7
53084.984,3600.9
53088.0,3620.7
53090.0,3634.0
53092.0,3646.5
53094.0,3657.7
53096.0,3666.0
53098.0,3677.1
53100.984,3695.5
53103.0,3708.1
53104.984,3721.8
53107.0,3734.5
53110.0,3752.0
53112.984,3768.8
53116.0,3786.9
53118.0,3795.2
53120.0,3810.4
53122.0,3823.9
53124.984,3845.3
53127.0,3859.3
53130.0,3880.0
53132.0,3894.2
53134.0,3908.2
53136.984,3928.5
53139.0,3941.8
53142.0,3960.6
53144.0,3970.4
53146.0,3979.8
53148.0,3991.4
53150.0,4003.9
53152.984,4024.1
53155.0,4036.9
53156.984,4047.1
53160.0,4061.4
53162.0,4073.2
53164.0,4084.8
53167.0,4101.4
53168.984,4112.2
53171.0,4123.1
53172.984,4135.2
53176.0,4154.6
53179.0,4173.6
53180.984,4185.4
53183.0,4197.7
53184.984,4209.6
53188.0,4226.6
53190.0,4237.3
53192.0,4246.3
53194.0,4258.6
53196.984,4278.4
53199.0,4291.4
53202.0,4309.2
53204.0,4321.3
53206.0,4332.8
53208.0,4344.3
53210.0,4355.4
53212.984,4371.6
53215.0,4383.4
53216.984,4396.5
53219.0,4410.4
53220.984,4424.1
53224.0,4443.7
53226.0,4456.5
53228.984,4473.8
53231.0,4484.1
53232.984,4494.2
53235.0,4505.3
53236.984,4517.9
53240.0,4537.0
53242.0,4549.6
53244.0,4562.4
53247.0,4582.2
53248.984,4595.9
53251.0,4610.0
53254.0,4631.0
53256.0,4645.0
53258.0,4656.2
53260.984,4668.3
53263.0,4679.6
53264.984,4691.8
53268.0,4708.2
53270.0,4719.2
53272.0,4731.0
53274.0,4744.0
53276.0,4752.4
53278.0,4763.4
53280.0,4774.2
53283.0,4791.0
53284.984,4803.5
53287.0,4817.4
53290.0,4838.8
53292.0,4853.3
53294.0,4867.3
53296.0,4880.0
53298.0,4891.3
53300.984,4908.6
53303.0,4921.2
53306.0,4940.4
53308.0,4954.4
53311.0,4973.9
53312.984,4984.9
53315.0,4994.2
53316.984,5004.9
53319.0,5017.4
53322.0,5037.9
53324.0,5051.9
53327.0,5073.1
53328.984,5085.1
53331.0,5096.4
53334.0,5114.1
53336.0,5127.2
53339.0,5148.0
53340.984,5160.9
53343.0,5168.9
53344.984,5179.9
53348.0,5196.6
53351.0,5214.0
53352.984,5225.6
53355.0,5236.8
53358.0,5252.2
53360.0,5262.6
53362.0,5273.6
53364.0,5284.7
53366.0,5297.2
53368.984,5317.9
53371.0,5332.1
53374.0,5351.8
53376.0,5363.9
53379.0,5382.8
53380.984,5396.4
53384.0,5417.6
53386.0,5431.7
53388.0,5446.1
53390.0,5460.6
53392.984,5481.3
53395.0,5492.7
53398.0,5509.7
53400.0,5521.9
53402.0,5535.3
53404.984,5555.7
53407.0,5567.5
53408.984,5577.9
53411.0,5587.0
53414.0,5602.0
53416.0,5614.0
53418.0,5626.7
53420.984,5646.7
53423.0,5660.8
53426.0,5682.0
53428.0,5695.5
53431.0,5711.5
53432.984,5720.9
53436.0,5736.2
53439.0,5754.4
53440.984,5768.2
53443.0,5782.4
53444.984,5797.1
53447.0,5810.2
53448.984,5822.1
53452.0,5838.0
53454.0,5849.7
53456.984,5868.8
53459.0,5882.3
53462.0,5903.2
53464.0,5917.6
53466.0,5931.5
53468.984,5950.3
53471.0,5961.8
53472.984,5972.3
53476.0,5990.5
53478.0,6003.9
53480.0,6017.4
53482.0,6030.6
53484.984,6046.8
53488.0,6061.6
53490.0,6070.0
53492.0,6083.0
53494.0,6096.6
53496.984,6113.2
53499.0,6120.0
53502.0,6132.6
53504.0,6143.6
53506.0,6155.6
53508.984,6175.9
53511.0,6188.7
53512.984,6198.2
53515.0,6209.2
53518.0,6224.5
53520.0,6236.0
53522.0,6247.6
53524.984,6264.3
53527.0,6275.4
53528.984,6287.5
53532.0,6306.6
53535.0,6326.2
53536.984,6339.7
53539.0,6352.7
53542.0,6369.8
53544.0,6379.2
53546.0,6388.7
53548.984,6402.0
53551.0,6412.1
53552.984,6423.1
53556.0,6439.7
53558.0,6452.3
53560.0,6466.0
53563.0,6487.4
53564.984,6500.9
53567.0,6513.4
53570.0,6528.9
53572.0,6538.5
53574.0,6549.8
53576.984,6566.4
53579.0,6577.8
53580.984,6586.8
53584.0,6600.2
53586.0,6610.4
53588.0,6622.0
53591.0,6640.6
53592.984,6654.6
53595.0,6669.3
53598.0,6691.3
53600.0,6702.0
53602.0,6715.1
53604.984,6735.6
53608.0,6754.0
53610.0,6769.0
53612.0,6778.6
53614.0,6793.0
53616.0,6805.6
53619.0,6820.0
53620.984,6830.5
53623.0,6840.9
53624.984,6852.6
53628.0,6870.7
53630.0,6880.4
53632.0,6889.6
53634.0,6897.4
53636.0,6908.4
53639.0,6927.5
53640.984,6938.1
53643.0,6951.2
53646.0,6969.4
53648.0,6984.3
53650.0,6998.5
53652.984,7020.2
53655.0,7033.6
53656.984,7043.9
53660.0,7056.5
53662.0,7067.1
53664.0,7078.8
53666.0,7089.9
53668.0,7099.6
53671.0,7113.6
53672.984,7123.8
53675.0,7134.6
53676.984,7145.8
53679.0,7156.9
53682.0,7173.6
53684.0,7184.1
53686.0,7194.3
53688.0,7205.7
53690.0,7216.3
53692.984,7231.6
53695.0,7242.6
53696.984,7252.7
53700.0,7268.2
53702.0,7279.9
53704.0,7291.2
53706.0,7301.5
53708.0,7313.6
53710.0,7326.4
53712.984,7346.0
53715.0,7360.0
53716.984,7374.0
53719.0,7387.6
53722.0,7406.2
53724.0,7419.0
53726.0,7430.2
53728.984,7443.6
53731.0,7453.1
53732.984,7464.3
53736.0,7481.7
53738.0,7493.3
53740.984,7509.6
53743.0,7520.2
53744.984,7532.3
53747.0,7544.9
53748.984,7557.9
53751.0,7570.8
53754.0,7586.5
53756.0,7595.5
53759.0,7611.6
53762.0,7628.2
53764.0,7639.3
53767.0,7653.5
53768.984,7663.9
53771.0,7674.2
53772.984,7685.0
53775.0,7697.2
53776.984,7710.7
53779.0,7721.5
53780.984,7735.5
53784.0,7752.9
53786.0,7765.5
53788.0,7779.0
53791.0,7797.5
53792.984,7809.3
53795.0,7823.4
53798.0,7841.2
53800.0,7850.7
53802.0,7860.4
53804.984,7874.6
53807.0,7889.7
53808.984,7904.7
53812.0,7927.2
53814.0,7941.8
53816.0,7955.3
53818.0,7966.7
53820.984,7983.4
53823.0,7991.2
53824.984,8002.3
53828.0,8019.4
53830.0,8031.0
53832.0,8043.2
53834.0,8052.4
53836.0,8063.6
53838.0,8072.8
53840.0,8083.8
53843.0,8099.8
53844.984,8111.3
53847.0,8121.9
53848.984,8132.0
53851.0,8141.0
53852.984,8151.4
53856.0,8169.9
53858.0,8182.7
53860.0,8196.4
53862.0,8210.1
53864.984,8228.5
53867.0,8239.2
53868.984,8246.4
53872.0,8261.8
53874.0,8273.5
53876.0,8286.5
53879.0,8307.0
53880.984,8321.3
53883.0,8336.0
53884.984,8351.4
53887.0,8365.5
53888.984,8377.4
53892.0,8391.1
53894.0,8396.9
53896.0,8406.5
53898.0,8415.9
53900.984,8431.2
53903.0,8443.0
53904.984,8455.6
53907.0,8469.0
53910.0,8488.0
53912.984,8506.0
53915.0,8516.2
53916.984,8524.4
53919.0,8532.0
53922.0,8549.1
53924.0,8559.9
53926.0,8570.4
53928.0,8578.2
53931.0,8593.0
53932.984,8601.9
53935.0,8610.4
53938.0,8628.4
53940.0,8642.1
53943.0,8661.6
53944.984,8672.4
53947.0,8683.8
53948.984,8696.4
53952.0,8714.1
53954.0,8724.7
53956.984,8739.1
53959.0,8749.2
53960.984,8760.3
53964.0,8775.8
53966.0,8787.8
53968.0,8798.3
53970.0,8809.5
53972.984,8828.1
53975.0,8842.6
53976.984,8858.0
53980.0,8882.0
53982.0,8895.0
53984.984,8906.8
53987.0,8916.6
53988.984,8929.2
53991.0,8943.6
53994.0,8964.3
53996.0,8978.6
53998.0,8989.8
54000.0,8999.4
54002.0,9010.3
54004.0,9023.1
54007.0,9039.7
54008.984,9049.9
54011.0,9061.1
54012.984,9073.0
54016.0,9091.9
54018.0,9105.0
54020.0,9118.1
54023.0,9139.4
54024.984,9153.7
54027.0,9168.5
54030.0,9187.9
54032.0,9198.3
54034.0,9208.6
54036.984,9225.0
54040.0,9243.3
54042.0,9255.8
54044.984,9271.1
54047.0,9282.4
54048.984,9295.4
54052.0,9313.6
54054.0,9323.6
54056.0,9332.9
54058.0,9343.4
54060.984,9359.4
54064.0,9376.3
54066.0,9387.4
54068.984,9406.6
54071.0,9419.5
54072.984,9428.0
54075.0,9437.9
54076.984,9448.2
54079.0,9458.5
54082.0,9476.8
54084.0,9488.5
54087.0,9506.5
54088.984,9518.4
54091.0,9528.4
54094.0,9546.6
54096.0,9558.8
54098.0,9568.8
54100.0,9580.0
54103.0,9597.3
54106.0,9612.2
54108.0,9623.2
54110.0,9636.5
54112.0,9651.6
54115.0,9672.9
54116.984,9687.0
54119.0,9700.8
54120.984,9715.6
54124.0,9740.2
54126.0,9754.2
54128.984,9774.2
54131.0,9786.9
54134.0,9800.8
54136.0,9810.7
54139.0,9825.1
54140.984,9837.4
54143.0,9850.2
54146.0,9866.5
54148.984,9882.3
54151.0,9893.9
54152.984,9904.7
54155.0,9915.6
54156.984,9927.0
54160.0,9943.9
54162.0,9954.7
54164.0,9962.4
54167.0,9978.6
54170.0,9995.6
54172.984,10013.2
54175.0,10023.5
54176.984,10035.4
54179.0,10047.1
54182.0,10064.0
54184.0,10078.8
54187.0,10102.7
54188.984,10119.7
54191.0,10136.0
54192.984,10149.3
54196.0,10169.5
54198.0,10181.1
54200.0,10193.0
54203.0,10216.2
54204.984,10232.3
54208.0,10252.6
54210.0,10264.6
54212.0,10274.0
54214.0,10286.0
54216.984,10306.5
54219.0,10319.3
54220.984,10332.0
54224.0,10344.4
54226.0,10352.3
54228.0,10362.7
54231.0,10379.5
54232.984,10388.4
54235.0,10397.0
54238.0,10412.9
54240.0,10425.2
54242.0,10438.3
54244.0,10449.8
54247.0,10465.1
54248.984,10477.0
54252.0,10494.4
54254.0,10504.5
54256.984,10519.2
54259.0,10529.9
54260.984,10541.9
54263.0,10553.8
54264.984,10566.1
54268.0,10584.0
54270.0,10595.2
54272.0,10605.1
54274.0,10616.2
54276.0,10627.2
54278.0,10636.4
54280.984,10653.7
54283.0,10667.3
54286.0,10690.1
54288.0,10706.3
54290.0,10723.0
54292.0,10738.9
54294.0,10753.6
54296.984,10769.9
54299.0,10782.4
54300.984,10795.9
54304.0,10814.8
54306.0,10823.9
54308.0,10832.4
54311.0,10848.6
54312.984,10861.3
54316.0,10880.1
54318.0,10890.4
54320.984,10906.6
54324.0,10926.7
54326.0,10940.2
54328.0,10954.1
54330.0,10968.4
54332.984,10984.8
54335.0,10994.6
54338.0,11010.8
54340.0,11025.1
54342.0,11040.7
54344.984,11061.9
54347.0,11072.4
54348.984,11081.6
54351.0,11090.6
54354.0,11105.1
54356.0,11116.5
54359.0,11135.2
54360.984,11145.7
54363.0,11156.9
54366.0,11179.3
54368.0,11195.6
54370.0,11210.8
54372.0,11223.9
54374.0,11234.7
54376.0,11243.6
54379.0,11258.5
54380.984,11272.2
54384.0,11295.9
54386.0,11312.6
54388.0,11326.1
54391.0,11340.5
54392.984,11351.7
54395.0,11363.3
54396.984,11377.5
54400.0,11400.7
54402.0,11415.9
54404.984,11439.2
54407.0,11451.4
54410.0,11465.7
54412.0,11475.2
54414.0,11485.1
54416.984,11499.4
54419.0,11509.4
54420.984,11519.4
54423.0,11528.7
54426.0,11542.7
54428.0,11552.7
54430.0,11561.0
54432.0,11571.8
54434.0,11585.6
54436.0,11598.8
54438.0,11610.4
54440.984,11624.8
54443.0,11636.4
54444.984,11648.0
54447.0,11657.9
54450.0,11671.7
54452.0,11680.4
54454.0,11690.8
54456.0,11702.0
54458.0,11711.4
54460.984,11725.8
54463.0,11736.4
54464.984,11748.0
54467.0,11758.8
54468.984,11769.8
54472.0,11784.6
54475.0,11802.0
54476.984,11814.7
54479.0,11828.7
54480.984,11842.8
54483.0,11854.6
54484.984,11865.3
54488.0,11880.1
54490.0,11892.5
54492.0,11907.3
54495.0,11931.8
54496.984,11944.6
54499.0,11954.5
54500.984,11963.3
54504.0,11976.2
54506.0,11986.2
54508.0,11995.0
54510.0,12005.6
54512.0,12016.3
54515.0,12029.9
54516.984,12038.3
54519.0,12048.3
54520.984,12058.9
54523.0,12069.3
54526.0,12084.0
54528.0,12093.7
54530.0,12102.8
54532.984,12117.9
54535.0,12130.2
54538.0,12145.0
54540.0,12153.9
54542.0,12164.7
54544.0,12175.8
54547.0,12190.8
54548.984,12200.4
54551.0,12209.9
54552.984,12219.6
54556.0,12234.2
54559.0,12250.9
54560.984,12261.3
54563.0,12270.1
54566.0,12284.8
54568.0,12295.4
54570.0,12304.8
54572.0,12316.2
54575.0,12333.0
54576.984,12342.2
54579.0,12352.1
54582.0,12367.0
54584.0,12376.9
54587.0,12392.7
54588.984,12403.3
54591.0,12413.1
54592.984,12422.9
54595.0,12432.9
54598.0,12448.2
54600.0,12457.8
54602.0,12467.6
54604.984,12481.8
54607.0,12492.6
54608.984,12502.6
54612.0,12514.9
54614.0,12525.1
54616.0,12534.0
54619.0,12549.1
54620.984,12557.9
54623.0,12566.4
54626.0,12582.3
54628.0,12593.2
54630.0,12602.6
54632.0,12611.4
54634.0,12622.1
54636.0,12631.8
54639.0,12643.8
54640.984,12653.8
54644.0,12668.8
54647.0,12681.9
54648.984,12691.1
54651.0,12700.8
54652.984,12711.2
54656.0,12729.1
54658.0,12743.1
54660.0,12759.1
54662.0,12776.0
54664.984,12795.2
54667.0,12805.2
54670.0,12821.3
54672.0,12831.4
54674.0,12839.9
54676.984,12854.1
54679.0,12862.9
54680.984,12869.5
54683.0,12876.8
54686.0,12890.7
54688.0,12898.4
54691.0,12912.9
54692.984,12919.7
54696.0,12932.0
54698.0,12944.2
54700.0,12953.7
54702.0,12962.4
54704.0,12973.2
54707.0,12986.7
54708.984,12994.7
54711.0,13002.2
54712.984,13011.6
54715.0,13019.8
54718.0,13032.4
54720.0,13042.0
54722.0,13049.2
54724.0,13057.3
54726.0,13067.6
54728.984,13080.4
54731.0,13089.9
54734.0,13100.8
54736.0,13109.9
54739.0,13121.6
54740.984,13130.1
54744.0,13144.3
54746.0,13155.1
54748.0,13165.2
54750.0,13174.2
54752.984,13184.7
54755.0,13192.7
54756.984,13202.5
54759.0,13211.0
54762.0,13224.3
54764.0,13231.4
54766.0,13240.4
54768.0,13249.5
54771.0,13261.2
54772.984,13269.3
54775.0,13277.8
54778.0,13290.5
54780.0,13299.4
54782.0,13308.3
54784.0,13316.5
54786.0,13325.3
54788.0,13335.0
54791.0,13346.9
54792.984,13354.2
54795.0,13362.8
54796.984,13370.5
54799.0,13379.1
54800.984,13388.7
54804.0,13401.0
54806.0,13409.2
54808.0,13416.4
54811.0,13431.4
54812.984,13440.1
54816.0,13451.4
54818.0,13460.5
54820.984,13473.0
54823.0,13482.0
54824.984,13490.1
54827.0,13498.6
54828.984,13506.3
54832.0,13519.6
54834.0,13528.4
54836.984,13541.6
54839.0,13550.7
54840.984,13559.3
54844.0,13571.2
54846.0,13581.4
54848.984,13594.7
54851.0,13601.7
54852.984,13611.9
54856.0,13622.4
54858.0,13630.6
54860.984,13644.5
54863.0,13652.7
54864.984,13662.9
54868.0,13675.9
54870.0,13685.6
54872.984,13697.9
54875.0,13707.0
54876.984,13714.6
54880.0,13727.1
54882.0,13735.5
54884.984,13748.6
54887.0,13758.3
54888.984,13766.7
54891.0,13776.0
54894.0,13788.4
54896.0,13797.5
54898.0,13805.7
54900.984,13815.7
54904.0,13827.6
54907.0,13836.7
54908.984,13845.4
54911.0,13854.4
54912.984,13863.6
54915.0,13873.3
54916.984,13881.7
54919.0,13890.9
54922.0,13903.1
54924.984,13915.3
54927.0,13924.4
54930.0,13935.4
54932.0,13943.7
54934.0,13951.0
54936.0,13959.6
54938.0,13968.6
54940.984,13979.9
54943.0,13987.2
54946.0,13999.8
54948.0,14007.4
54950.0,14015.0
54952.984,14027.3
54955.0,14032.8
54958.0,14043.9
54960.0,14053.0
54962.0,14060.2
54964.0,14068.6
54967.0,14081.3
54968.984,14089.8
54971.0,14096.4
54972.984,14102.5
54975.0,14111.1
54978.0,14122.1
54980.0,14131.2
54982.0,14140.8
54984.984,14154.7
54988.0,14173.3
54990.0,14186.6
54992.984,14204.9
54995.0,14215.0
54996.984,14225.8
55000.0,14238.8
55002.0,14247.7
55004.0,14256.1
55006.0,14264.8
55008.984,14276.6
55012.0,14286.8
55014.0,14293.6
55016.0,14303.3
55019.0,14316.1
55020.984,14325.2
55024.0,14335.8
55026.0,14344.1
55028.0,14352.6
55031.0,14366.3
55032.984,14376.1
55036.0,14390.1
55038.0,14398.9
55040.0,14407.2
55042.0,14415.1
55044.984,14426.9
55048.0,14439.4
55050.0,14448.3
55052.0,14455.8
55054.0,14464.4
55056.0,14472.1
55059.0,14483.9
55060.984,14493.3
55063.0,14501.4
55066.0,14513.7
55068.0,14523.9
55070.0,14532.7
55072.984,14545.3
55075.0,14553.7
55076.984,14562.6
55080.0,14576.0
55082.0,14583.5
55084.0,14592.8
55087.0,14606.9
55088.984,14616.1
55091.0,14625.4
55092.984,14633.8
55096.0,14649.0
55098.0,14658.0
55100.0,14669.8
55102.0,14684.1
55104.984,14703.1
55108.0,14716.7
55110.0,14725.7
55112.984,14737.9
55115.0,14747.4
55116.984,14759.2
55119.0,14773.9
55122.0,14795.8
55124.0,14808.7
55126.0,14817.8
55128.984,14832.2
55131.0,14841.0
55132.984,14850.5
55135.0,14858.5
55138.0,14872.6
55140.0,14882.0
55143.0,14896.2
55144.984,14905.3
55147.0,14912.9
55148.984,14922.1
55151.0,14929.4
55152.984,14937.9
55156.0,14953.7
55158.0,14963.2
55160.0,14973.2
55163.0,14984.8
55164.984,14994.4
55167.0,15002.4
55170.0,15016.5
55172.0,15025.1
55174.0,15034.4
55176.0,15045.3
55179.0,15056.4
55182.0,15070.1
55184.0,15079.6
55186.0,15088.5
55188.0,15098.9
55191.0,15113.3
55192.984,15123.3
55196.0,15132.9
55198.0,15141.0
55200.0,15152.7
55203.0,15168.3
55204.984,15178.7
55207.0,15187.6
55208.984,15197.7
55212.0,15210.3
55214.0,15220.7
55216.984,15235.2
55219.0,15244.0
55220.984,15252.7
55224.0,15268.1
55227.0,15283.6
55228.984,15293.8
55232.0,15305.7
55234.0,15315.3
55236.0,15324.8
55239.0,15337.4
55240.984,15345.5
55243.0,15354.2
55244.984,15361.9
55248.0,15375.1
55250.0,15384.1
55252.984,15394.5
55255.0,15402.8
55256.984,15411.7
55259.0,15419.7
55260.984,15428.7
55264.0,15439.4
55266.0,15447.5
55268.0,15457.8
55271.0,15469.3
55272.984,15478.5
55275.0,15487.4
55276.984,15496.5
55280.0,15516.4
55282.0,15531.9
55284.984,15553.3
55287.0,15563.9
55290.0,15580.2
55292.984,15591.1
55295.0,15599.8
55296.984,15609.5
55300.0,15623.0
55302.0,15635.7
55304.0,15651.4
55306.0,15667.0
55308.984,15686.2
55311.0,15695.9
55314.0,15710.3
55316.0,15717.9
55318.0,15727.5
55320.984,15741.3
55323.0,15751.3
55326.0,15763.8
55328.0,15771.6
55330.0,15779.8
55332.984,15793.3
55335.0,15801.9
55338.0,15815.5
55340.0,15823.1
55342.0,15833.1
55344.0,15839.3
55347.0,15851.8
55348.984,15860.6
55351.0,15864.8
55354.0,15870.9
55356.0,15874.5
55358.0,15882.4
55360.984,15897.5
55363.0,15905.1
55364.984,15913.3
55368.0,15926.5
55370.0,15937.7
55372.0,15949.6
55375.0,15961.9
55378.0,15974.4
55380.0,15982.5
55383.0,16000.3
55384.984,16009.9
55387.0,16021.4
55390.0,16035.4
55392.0,16046.4
55394.0,16055.8
55396.984,16070.7
55399.0,16080.5
55402.0,16094.0
55404.0,16102.4
55406.0,16112.0
55408.0,16121.7
55411.0,16135.7
55412.984,16144.7
55415.0,16153.2
55418.0,16167.6
55420.0,16176.7
55422.0,16186.5
55424.984,16200.6
55427.0,16209.3
55428.984,16215.5
55432.0,16225.6
55434.0,16233.2
55436.0,16242.8
55438.0,16251.1
55440.984,16266.2
55444.0,16278.7
55446.0,16285.3
55448.0,16291.7
55450.0,16302.0
55452.984,16312.2
55455.0,16320.8
55458.0,16335.3
55460.984,16346.7
55463.0,16355.8
55464.984,16364.9
55467.0,16371.4
55468.984,16380.0
55472.0,16390.7
55474.0,16401.4
55476.0,16410.6
55478.0,16418.4
55480.984,16434.2
55483.0,16445.1
55484.984,16455.3
55488.0,16471.4
55490.0,16483.2
55492.0,16493.0
55494.0,16505.7
55496.984,16522.1
55499.0,16532.5
55500.984,16543.9
55504.0,16559.6
55506.0,16572.3
55508.0,16583.5
55510.0,16593.9
55512.0,16604.9
55514.0,16616.1
55516.984,16631.8
55519.0,16638.2
55520.984,16648.0
55523.0,16659.3
55524.984,16669.8
55527.0,16680.9
55528.984,16694.3
55532.0,16718.3
55534.0,16737.1
55536.0,16756.5
55538.0,16770.5
55540.984,16790.6
55543.0,16801.1
55544.984,16811.2
55547.0,16822.9
55550.0,16838.5
55552.0,16847.8
55555.0,16864.5
55556.984,16874.2
55559.0,16883.6
55562.0,16896.0
55564.0,16905.4
55566.0,16914.0
55568.0,16924.6
55571.0,16940.1
55572.984,16949.9
55576.0,16964.5
55578.0,16974.0
55580.0,16983.2
55582.0,16993.5
55584.0,17002.8
55587.0,17016.1
55588.984,17023.8
55592.0,17038.1
55594.0,17047.9
55596.984,17064.6
55599.0,17073.6
55600.984,17083.1
55603.0,17093.6
55606.0,17106.7
55608.0,17117.9
55610.0,17125.1
55612.984,17139.8
55615.0,17149.9
55618.0,17163.5
55620.0,17172.7
55622.0,17183.0
55624.984,17197.6
55627.0,17207.0
55628.984,17217.2
55631.0,17226.1
55634.0,17241.3
55636.0,17251.4
55638.0,17260.8
55640.984,17276.6
55644.0,17289.8
55646.0,17298.7
55648.984,17310.8
55651.0,17321.8
55652.984,17331.1
55656.0,17345.1
55658.0,17351.2
55660.0,17359.7
55663.0,17372.8
55664.984,17378.5
55667.0,17388.1
55668.984,17397.3
55671.0,17406.1
55674.0,17420.4
55676.984,17430.6
55679.0,17438.0
55680.984,17447.2
55684.0,17461.6
55686.0,17472.6
55688.0,17481.7
55691.0,17497.7
55692.984,17503.2
55696.0,17513.3
55698.0,17519.1
55700.984,17530.3
55704.0,17548.1
55706.0,17559.1
55708.0,17570.3
55710.0,17581.8
55712.0,17593.7
55714.0,17607.0
55716.984,17625.9
55719.0,17637.8
55722.0,17653.9
55724.0,17663.3
55726.0,17670.7
55728.0,17677.6
55731.0,17693.0
55734.0,17707.2
55736.0,17716.7
55738.0,17726.1
55740.0,17737.4
55743.0,17751.0
55744.984,17757.3
55747.0,17769.5
55750.0,17784.9
55752.0,17793.5
55754.0,17802.9
55756.984,17818.4
55759.0,17828.9
55760.984,17840.6
55764.0,17854.3
55767.0,17871.6
55768.984,17881.4
55771.0,17892.2
55774.0,17908.0
55776.0,17918.7
55778.0,17928.1
55780.0,17936.4
55782.0,17946.4
55784.984,17961.4
55787.0,17969.2
55788.984,17978.8
55792.0,17993.7
55794.0,18003.1
55796.0,18016.1
55798.0,18026.2
55800.984,18041.4
55803.0,18051.8
55804.984,18062.2
55807.0,18070.1
55810.0,18083.1
55812.0,18090.6
55814.0,18097.8
55816.0,18105.2
55819.0,18118.2
55820.984,18128.3
55823.0,18139.0
55824.984,18149.8
55828.0,18161.0
55830.0,18167.5
55832.0,18175.2
55835.0,18192.7
55836.984,18206.7
55839.0,18217.2
55842.0,18234.7
55844.0,18245.7
55846.0,18256.4
55848.984,18272.8
55852.0,18287.6
55854.0,18297.8
55856.984,18313.8
55859.0,18324.5
55860.984,18334.9
55863.0,18346.3
55864.984,18356.4
55867.0,18366.0
55870.0,18380.4
55872.984,18393.3
55876.0,18405.4
55878.0,18413.5
55880.0,18423.5
55882.0,18432.4
55884.984,18446.3
55887.0,18457.6
55888.984,18465.8
55891.0,18476.4
55894.0,18491.2
55896.0,18501.1
55898.0,18511.7
55900.984,18522.8
55903.0,18530.3
55906.0,18542.5
55908.0,18553.2
55910.0,18563.4
55912.984,18576.8
55915.0,18587.3
55918.0,18603.1
55920.0,18612.9
55922.0,18622.0
55924.984,18637.2
55927.0,18645.3
55928.984,18652.8
55931.0,18661.0
55932.984,18669.7
55936.0,18683.0
55938.0,18693.2
55940.0,18702.4
55942.0,18709.3
55944.0,18718.3
55947.0,18733.0
55948.984,18742.5
55951.0,18752.7
55952.984,18761.0
55956.0,18777.3
55958.0,18787.3
55960.0,18798.6
55962.0,18809.0
55964.984,18823.8
55967.0,18833.6
55968.984,18843.9
55971.0,18853.5
55972.984,18862.9
55975.0,18873.4
55978.0,18887.5
55980.0,18895.8
55982.0,18904.8
55984.0,18913.4
55986.0,18923.5
55988.0,18932.2
55991.0,18945.3
55992.984,18954.7
55995.0,18961.6
55998.0,18972.5
56000.0,18982.7
56003.0,18996.1
56004.984,19005.4
56008.0,19018.8
56010.0,19027.9
56012.0,19040.7
56014.0,19050.9
56016.0,19058.3
56019.0,19071.6
56020.984,19081.4
56024.0,19095.4
56026.0,19106.0
56028.984,19120.9
56031.0,19132.5
56032.984,19143.5
56036.0,19159.5
56038.0,19168.4
56040.0,19175.5
56043.0,19187.5
56044.984,19194.0
56047.0,19200.9
56050.0,19210.0
56052.0,19220.3
56054.0,19231.5
56056.0,19240.4
56059.0,19254.0
56060.984,19263.5
56063.0,19273.0
56066.0,19290.0
56068.0,19297.8
56070.0,19306.7
56072.984,19322.4
56075.0,19332.8
56076.984,19342.5
56079.0,19349.9
56082.0,19361.8
56084.0,19371.8
56087.0,19384.8
56088.984,19391.8
56092.0,19405.6
56094.0,19414.5
56096.984,19431.1
56099.0,19439.8
56100.984,19452.5
56103.0,19464.5
56104.984,19475.6
56108.0,19492.1
56110.0,19503.4
56112.0,19514.5
56114.0,19524.5
56116.984,19541.1
56119.0,19551.1
56122.0,19564.2
56124.0,19576.5
56126.0,19587.4
56128.984,19603.1
56131.0,19614.4
56132.984,19625.5
56135.0,19636.8
56136.984,19647.3
56139.0,19659.8
56142.0,19676.7
56144.0,19688.5
56146.0,19698.8
56148.984,19713.3
56151.0,19721.6
56154.0,19733.8
56156.0,19742.5
56159.0,19755.5
56160.984,19766.6
56163.0,19779.4
56166.0,19790.6
56168.0,19801.6
56170.0,19813.1
56172.0,19821.3
56175.0,19839.1
56176.984,19847.7
56179.0,19856.4
56180.984,19866.2
56183.0,19875.8
56186.0,19892.4
56188.0,19901.3
56191.0,19916.4
56192.984,19926.1
56196.0,19942.2
56198.0,19954.4
56200.0,19964.0
56203.0,19976.6
56204.984,19987.6
56207.0,19998.9
56210.0,20017.8
56212.0,20029.0
56215.0,20045.6
56216.984,20056.3
56219.0,20067.3
56220.984,20077.8
56224.0,20093.5
56226.0,20103.8
56228.984,20118.3
56231.0,20129.3
56232.984,20140.3
56236.0,20157.6
56238.0,20168.8
56240.0,20180.3
56243.0,20195.7
56244.984,20205.5
56248.0,20219.3
56250.0,20229.4
56252.0,20239.1
56254.0,20246.4
56256.0,20256.9
56258.0,20268.0
56260.0,20278.0
56263.0,20291.3
56266.0,20307.9
56268.0,20318.4
56270.0,20329.1
56272.0,20340.1
56275.0,20353.9
56276.984,20363.8
56280.0,20379.1
56283.0,20392.4
56284.984,20403.4
56287.0,20412.6
56288.984,20423.4
56291.0,20433.7
56292.984,20444.1
56295.0,20454.7
56296.984,20464.5
56300.0,20479.9
56302.0,20486.8
56304.984,20501.7
56308.0,20513.8
56310.0,20524.0
56312.984,20536.7
56316.0,20551.2
56318.0,20560.2
56320.0,20569.2
56323.0,20585.0
56326.0,20598.8
56328.0,20609.5
56330.0,20619.2
56332.0,20630.0
56334.0,20640.4
56336.984,20656.5
56339.0,20666.8
56340.984,20676.3
56344.0,20692.3
56347.0,20707.6
56348.984,20716.4
56352.0,20730.3
56354.0,20740.5
56356.984,20755.1
56359.0,20766.0
56362.0,20780.9
56364.0,20791.9
56366.0,20801.0
56368.984,20812.5
56371.0,20821.3
56372.984,20829.8
56375.0,20839.2
56378.0,20852.5
56380.0,20862.0
56382.0,20871.1
56384.0,20878.9
56386.0,20886.7
56388.0,20895.5
56390.0,20903.1
56392.984,20916.8
56395.0,20925.6
56396.984,20935.1
56400.0,20949.9
56402.0,20956.5
56404.0,20964.4
56406.0,20973.4
56408.0,20984.0
56411.0,20999.5
56412.984,21008.5
56415.0,21018.2
56418.0,21032.6
56420.0,21043.3
56422.0,21054.4
56424.0,21062.0
56426.0,21070.4
56428.984,21083.9
56432.0,21098.4
56434.0,21105.7
56436.0,21116.7
56439.0,21132.0
56440.984,21143.1
56443.0,21154.0
56446.0,21168.7
56448.0,21179.1
56450.0,21186.9
56452.0,21196.0
56455.0,21211.1
56456.984,21220.4
56460.0,21237.5
56462.0,21247.4
56464.0,21256.5
56467.0,21272.5
56468.984,21282.1
56471.0,21289.9
56474.0,21302.6
56476.0,21314.4
56479.0,21332.2
56480.984,21343.8
56483.0,21354.4
56484.984,21363.8
56488.0,21382.3
56490.0,21391.6
56492.0,21403.4
56495.0,21419.8
56496.984,21428.6
56499.0,21440.0
56502.0,21455.7
56504.0,21465.6
56506.0,21473.6
56508.0,21481.3
56510.0,21489.8
56512.984,21505.7
56515.0,21516.4
56518.0,21529.9
56520.0,21538.9
56522.0,21548.4
56524.0,21558.0
56526.0,21567.4
56528.984,21583.7
56531.0,21595.3
56532.984,21607.1
56535.0,21618.7
56538.0,21634.3
56540.0,21645.6
56542.0,21656.0
56544.0,21668.0
56547.0,21684.2
56548.984,21696.4
56551.0,21706.7
56554.0,21723.8
56556.0,21734.2
56558.0,21744.9
56560.0,21755.8
56562.0,21764.8
56564.984,21780.0
56567.0,21789.6
56568.984,21800.1
56571.0,21811.3
56574.0,21827.0
56576.0,21838.3
56578.0,21847.9
56580.984,21862.6
56583.0,21874.2
56584.984,21884.4
56587.0,21892.5
56590.0,21906.7
56592.0,21918.4
56594.0,21928.8
56596.984,21945.4
56599.0,21955.6
56602.0,21969.2
56604.0,21979.2
56606.0,21988.3
56608.0,21997.8
56611.0,22013.5
56612.984,22023.5
56615.0,22033.7
56616.984,22043.0
56619.0,22054.3
56620.984,22064.1
56624.0,22077.6
56626.0,22087.0
56628.0,22095.4
56630.0,22103.8
56632.0,22113.6
56635.0,22128.3
56636.984,22138.7
56639.0,22148.9
56640.984,22157.2
56644.0,22171.5
56646.0,22181.6
56648.984,22195.2
56652.0,22211.1
56654.0,22220.1
56656.0,22229.2
56658.0,22239.9
56660.0,22250.1
56663.0,22264.6
56664.984,22275.5
56667.0,22285.7
56670.0,22299.7
56672.0,22310.1
56674.0,22321.2
56676.984,22333.5
56679.0,22343.2
56682.0,22358.5
56684.984,22371.6
56687.0,22381.7
56688.984,22392.2
56691.0,22402.6
56692.984,22411.7
56696.0,22426.6
56698.0,22435.9
56700.984,22449.6
56703.0,22460.0
56704.984,22469.8
56707.0,22479.3
56708.984,22489.6
56712.0,22501.0
56715.0,22513.2
56716.984,22522.8
56719.0,22532.1
56720.984,22542.7
56724.0,22557.5
56727.0,22575.0
56728.984,22585.7
56731.0,22597.2
56734.0,22613.3
56736.0,22625.2
56738.0,22635.4
56740.984,22649.7
56743.0,22661.0
56744.984,22670.4
56748.0,22686.5
56750.0,22697.0
56752.0,22707.1
56754.0,22718.3
56756.984,22732.7
56759.0,22743.9
56760.984,22752.9
56763.0,22762.9
56766.0,22779.3
56768.0,22789.8
56770.0,22800.5
56772.0,22809.9
56774.0,22820.4
56776.984,22836.8
56779.0,22847.0
56780.984,22857.6
56784.0,22872.2
56786.0,22882.5
56788.984,22898.2
56791.0,22908.0
56792.984,22919.0
56796.0,22934.6
56798.0,22944.7
56800.0,22954.6
56802.0,22964.0
56804.0,22973.0
56807.0,22990.6
56808.984,23000.0
56812.0,23014.0
56814.0,23024.4
56816.0,23033.9
56818.0,23045.1
56820.0,23055.5
56823.0,23071.7
56824.984,23083.6
56827.0,23094.0
56828.984,23103.1
56832.0,23119.1
56834.0,23129.3
56836.0,23138.3
56838.0,23149.3
56840.0,23159.5
56843.0,23175.1
56844.984,23185.7
56848.0,23201.8
56850.0,23210.9
56852.0,23220.5
56854.0,23230.4
56856.984,23245.0
56859.0,23254.3
56860.984,23265.6
56864.0,23279.2
56866.0,23288.9
56868.0,23298.8
56871.0,23315.6
56872.984,23326.4
56875.0,23336.4
56878.0,23353.2
56880.0,23362.9
56882.0,23372.0
56884.984,23389.1
56887.0,23399.0
56890.0,23414.9
56892.0,23424.8
56894.0,23432.7
56896.0,23443.6
56899.0,23461.5
56900.984,23472.3
56904.0,23490.4
56906.0,23501.4
56908.0,23513.4
56911.0,23531.3
56914.0,23543.2
56916.0,23551.6
56919.0,23568.3
56920.984,23578.4
56923.0,23589.2
56924.984,23601.2
56928.0,23616.8
56930.0,23627.2
56932.0,23638.5
56935.0,23654.3
56936.984,23666.1
56940.0,23682.2
56942.0,23694.0
56944.0,23704.4
56947.0,23720.3
56948.984,23731.7
56951.0,23741.5
56954.0,23755.5
56956.0,23766.3
56958.0,23775.7
56960.0,23785.6
56963.0,23802.2
56964.984,23811.4
56967.0,23821.8
56970.0,23838.3
56972.0,23848.4
56975.0,23864.5
56976.984,23873.9
56979.0,23882.8
56980.984,23894.0
56984.0,23909.7
56986.0,23921.5
56988.0,23932.5
56991.0,23948.0
56992.984,23960.2
56995.0,23971.1
56996.984,23981.6
57000.0,23999.3
57003.0,24016.7
57004.984,24028.6
57008.0,24044.5
57010.0,24056.5
57012.0,24068.5
57015.0,24085.6
57016.984,24097.7
57019.0,24109.6
57022.0,24124.9
57024.0,24135.2
57026.0,24147.8
57028.984,24163.4
57031.0,24174.5
57032.984,24185.3
57036.0,24201.3
57038.0,24213.5
57040.0,24225.1
57043.0,24242.4
57044.984,24253.9
57047.0,24264.2
57048.984,24275.5
57051.0,24286.3
57052.984,24296.5
57055.0,24307.7
57058.0,24324.9
57060.0,24335.4
57062.0,24347.1
57064.0,24358.7
57066.0,24368.5
57068.0,24378.5
57071.0,24396.0
57072.984,24406.2
57075.0,24417.5
57076.984,24430.2
57080.0,24447.3
57082.0,24459.5
57084.984,24476.5
57087.0,24489.0
57088.984,24500.7
57092.0,24515.7
57094.0,24527.0
57096.0,24538.5
57098.0,24547.9
57100.984,24563.1
57103.0,24575.5
57106.0,24590.9
57108.0,24602.8
57110.0,24613.5
57112.0,24623.6
57114.0,24635.2
57116.0,24646.3
57119.0,24660.4
57120.984,24672.1
57123.0,24683.2
57126.0,24699.8
57128.0,24709.9
57130.0,24720.3
57132.984,24736.9
57135.0,24746.4
57136.984,24755.9
57139.0,24767.5
57142.0,24782.6
57144.0,24793.8
57146.0,24805.2
57148.984,24821.0
57151.0,24832.1
57154.0,24847.1
57156.0,24858.6
57159.0,24873.9
57160.984,24882.7
57163.0,24893.9
57166.0,24908.7
57168.0,24919.4
57170.0,24930.2
57172.984,24944.5
57175.0,24956.0
57176.984,24966.0
57180.0,24981.3
57182.0,24992.1
57184.0,25002.5
57187.0,25016.3
57188.984,25026.8
57191.0,25037.0
57194.0,25050.2
57196.0,25060.9
57198.0,25071.7
57200.984,25086.7
57203.0,25097.0
57204.984,25108.1
57208.0,25122.2
57210.0,25132.4
57212.0,25143.1
57214.0,25152.3
57216.0,25162.7
57219.0,25177.9
57222.0,25193.1
57224.0,25203.7
57226.0,25213.9
57228.0,25222.9
57231.0,25238.8
57232.984,25249.3
57235.0,25258.7
57236.984,25268.5
57240.0,25283.3
57242.0,25291.5
57244.0,25299.8
57247.0,25315.9
57248.984,25324.8
57251.0,25334.3
57252.984,25345.0
57255.0,25355.4
57256.984,25366.0
57260.0,25382.7
57263.0,25398.4
57264.984,25409.9
57267.0,25420.0
57268.984,25429.8
57271.0,25441.7
57274.0,25458.4
57276.0,25469.6
57278.0,25479.8
57280.984,25494.6
57283.0,25505.2
57286.0,25519.4
57288.0,25530.1
57290.0,25540.9
57292.0,25550.5
57294.0,25561.5
57296.0,25572.4
57299.0,25587.7
57300.984,25599.4
57303.0,25608.6
57304.984,25618.3
57307.0,25629.6
57310.0,25644.7
57312.0,25656.2
57314.0,25667.7
57316.984,25683.8
57319.0,25695.9
57320.984,25707.0
57324.0,25722.1
57326.0,25733.0
57328.0,25743.8
57330.0,25753.6
57332.0,25765.0
57334.0,25776.6
57336.984,25791.9
57339.0,25801.6
57340.984,25812.3
57343.0,25822.0
57346.0,25837.3
57348.0,25849.1
57351.0,25863.4
57352.984,25874.4
57355.0,25884.9
57356.984,25894.6
57359.0,25905.6
57360.984,25916.6
57364.0,25931.1
57366.0,25942.4
57368.0,25952.6
57371.0,25967.1
57372.984,25978.7
57376.0,25994.9
57378.0,26005.2
57380.0,26016.4
57383.0,26030.7
57384.984,26039.4
57387.0,26050.0
57390.0,26064.9
57392.0,26076.1
57395.0,26093.0
57396.984,26102.6
57399.0,26111.4
57400.984,26122.2
57403.0,26134.2
57406.0,26149.9
57408.0,26160.3
57410.0,26172.1
57412.0,26183.4
57415.0,26197.0
57416.984,26207.0
57419.0,26216.3
57420.984,26226.0
57423.0,26237.1
57426.0,26253.5
57428.0,26264.6
57431.0,26281.2
57432.984,26291.1
57435.0,26302.4
57436.984,26313.4
57440.0,26327.7
57442.0,26338.6
57444.984,26354.2
57447.0,26364.0
57448.984,26375.6
57452.0,26390.4
57454.0,26401.2
57456.984,26417.4
57459.0,26428.0
57462.0,26443.4
57464.0,26452.8
57467.0,26467.8
57468.984,26479.1
57471.0,26489.9
57472.984,26499.3
57475.0,26510.1
57476.984,26522.5
57480.0,26538.2
57482.0,26548.6
57484.0,26560.1
57486.0,26570.5
57488.984,26588.0
57491.0,26599.7
57492.984,26610.4
57496.0,26628.1
57498.0,26640.2
57500.984,26657.3
57503.0,26669.8
57504.984,26681.5
57508.0,26697.2
57510.0,26708.6
57512.0,26719.0
57515.0,26735.4
57516.984,26747.6
57519.0,26758.9
57522.0,26775.6
57524.0,26787.7
57526.0,26797.8
57528.0,26808.4
57531.0,26825.6
57532.984,26836.1
57535.0,26847.2
57536.984,26858.8
57539.0,26868.6
57542.0,26884.6
57544.0,26895.3
57546.0,26905.3
57548.0,26915.7
57550.0,26927.1
57552.984,26943.6
57555.0,26954.5
57556.984,26966.3
57559.0,26976.9
57560.984,26986.6
57563.0,26998.4
57564.984,27009.5
57567.0,27020.0
57568.984,27031.1
57572.0,27046.8
57574.0,27056.2
57576.0,27067.6
57579.0,27082.7
57580.984,27092.6
57583.0,27104.4
57584.984,27114.9
57587.0,27124.9
57588.984,27137.0
57592.0,27152.3
57594.0,27162.0
57596.984,27179.7
57599.0,27190.0
57600.984,27200.7
57604.0,27218.6
57606.0,27229.7
57608.984,27246.3
57611.0,27257.2
57612.984,27267.4
57615.0,27277.5
57618.0,27294.5
57620.0,27303.7
57622.0,27313.6
57624.0,27325.0
57626.0,27336.1
57628.984,27351.3
57631.0,27363.0
57632.984,27374.0
57635.0,27383.9
57636.984,27393.9
57640.0,27410.1
57642.0,27421.3
57644.0,27431.7
57647.0,27446.3
57648.984,27457.0
57651.0,27467.0
57654.0,27482.8
57656.984,27498.2
57659.0,27508.2
57660.984,27518.7
57663.0,27530.0
57664.984,27541.2
57667.0,27550.8
57668.984,27560.9
57672.0,27578.2
57674.0,27589.3
57676.0,27601.2
57678.0,27613.3
57680.0,27624.5
57683.0,27639.9
57684.984,27652.0
57688.0,27669.4
57690.0,27680.2
57692.0,27690.8
57695.0,27708.1
57696.984,27719.1
57699.0,27729.4
57700.984,27740.4
57703.0,27751.5
57704.984,27762.2
57708.0,27777.3
57710.0,27787.8
57712.0,27799.2
57714.0,27810.1
57716.984,27825.2
57720.0,27842.7
57722.0,27851.6
57724.0,27860.9
57726.0,27872.4
57728.984,27887.2
57731.0,27897.8
57734.0,27915.2
57736.0,27924.3
57738.0,27933.9
57740.0,27944.4
57742.0,27955.2
57744.0,27964.4
57747.0,27979.5
57748.984,27990.4
57751.0,27999.7
57752.984,28010.5
57755.0,28021.7
57758.0,28037.0
57760.0,28048.5
57762.0,28059.8
57764.984,28076.1
57767.0,28087.3
57768.984,28097.8
57772.0,28113.4
57774.0,28125.0
57776.0,28136.7
57778.0,28147.3
57780.0,28157.9
57783.0,28174.8
57784.984,28184.8
57787.0,28193.9
57788.984,28204.7
57791.0,28216.5
57794.0,28231.1
57796.0,28241.4
57799.0,28258.3
57800.984,28267.1
57803.0,28276.3
57804.984,28286.8
57807.0,28297.7
57810.0,28311.9
57812.0,28322.3
57815.0,28338.9
57816.984,28348.9
57819.0,28359.5
57820.984,28371.5
57823.0,28381.7
57826.0,28398.5
57828.0,28410.5
57830.0,28421.2
57832.0,28431.6
57834.0,28443.6
57836.0,28454.7
57839.0,28470.4
57840.984,28482.5
57843.0,28493.5
57846.0,28509.3
57848.0,28521.5
57850.0,28533.2
57852.984,28547.6
57855.0,28557.3
57856.984,28568.0
57860.0,28583.1
57862.0,28593.2
57864.0,28604.7
57866.0,28615.0
57868.984,28630.5
57871.0,28642.5
57872.984,28653.4
57876.0,28668.9
57878.0,28680.8
57880.0,28692.0
57882.0,28701.6
57884.984,28719.1
57887.0,28730.2
57888.984,28739.3
57891.0,28749.0
57892.984,28760.0
57895.0,28770.8
57898.0,28785.4
57900.0,28796.1
57902.0,28808.0
57904.0,28818.1
57907.0,28831.9
57908.984,28842.9
57911.0,28853.2
57914.0,28867.0
57916.0,28877.5
57918.0,28888.6
57920.0,28898.3
57922.0,28908.6
57924.0,28920.4
57926.0,28931.9
57928.984,28946.7
57931.0,28957.4
57934.0,28973.8
57936.0,28983.3
57938.0,28992.7
57940.984,29009.1
57943.0,29019.4
57944.984,29028.8
57947.0,29040.2
57950.0,29056.9
57952.0,29067.0
57954.0,29077.7
57956.984,29094.7
57959.0,29104.9
57960.984,29115.1
57964.0,29132.3
57966.0,29142.0
57968.0,29152.3
57971.0,29169.9
57974.0,29184.5
57976.0,29193.6
57978.0,29203.3
57980.0,29213.7
57982.0,29223.5
57984.984,29237.2
57987.0,29247.5
57990.0,29263.7
57992.0,29273.4
57994.0,29284.7
57996.0,29295.8
57999.0,29310.0
58000.984,29319.4
58003.0,29329.6
58006.0,29345.7
58008.0,29354.8
58011.0,29368.7
58012.984,29379.6
58015.0,29389.4
58018.0,29402.0
58020.0,29412.0
58022.0,29424.1
58024.0,29433.9
58027.0,29448.2
58028.984,29459.7
58032.0,29474.0
58034.0,29481.8
58036.0,29491.9
58038.0,29502.8
58040.984,29516.9
58043.0,29528.0
58044.984,29538.8
58048.0,29552.5
58050.0,29561.9
58052.0,29572.6
58054.0,29583.4
58056.984,29597.7
58059.0,29608.0
58060.984,29619.4
58063.0,29629.7
58066.0,29643.9
58068.0,29654.9
58071.0,29669.9
58072.984,29679.3
58075.0,29690.3
58076.984,29701.2
58080.0,29713.6
58082.0,29724.4
58084.984,29741.1
58088.984,29719.7
58091.0,29647.4
58104.984,28849.4
58107.0,28733.7
58108.984,28628.5
58111.0,28531.3
58115.0,28353.1
58116.984,28268.1
58119.0,28184.2
58122.0,28058.9
58124.0,27977.6
58126.0,27898.3
58128.984,27775.5
58131.0,27699.0
58132.984,27623.5
58135.0,27546.5
58138.0,27420.9
58140.0,27335.2
58142.0,27253.8
58144.984,27132.1
58147.0,27055.3
58150.0,26946.9
58152.0,26875.3
58154.0,26804.1
58156.0,26731.6
58159.0,26624.1
58162.0,26520.6
58164.0,26450.5
58166.0,26380.6
58168.984,26279.0
58171.0,26211.5
58172.984,26145.1
58176.0,26045.3
58179.0,25946.2
58180.984,25881.4
58184.0,25783.1
58186.0,25717.2
58188.0,25652.5
58191.0,25555.6
58192.984,25491.4
58195.0,25428.9
58196.984,25366.4
58200.0,25272.9
58202.0,25211.9
58204.0,25150.6
58206.0,25088.5
58208.984,24995.1
58211.0,24934.2
58212.984,24874.2
58216.0,24781.4
58218.0,24717.7
58224.0,24489.5
58226.0,24416.2
58228.0,24343.1
58231.0,24236.4
58232.984,24164.4
58236.0,24050.8
58238.0,23978.3
58240.0,23907.9
58242.0,23836.7
58244.0,23768.5
58248.984,23599.6
58252.0,23498.9
58255.0,23401.5
58256.984,23340.5
58259.0,23279.6
58260.984,23218.0
58263.0,23154.4
58266.0,23058.2
58268.0,22994.0
58270.0,22930.1
58272.984,22835.3
58276.0,22739.9
58278.0,22674.9
58280.0,22612.9
58282.0,22552.9
58284.0,22494.8
58287.0,22400.0
58288.984,22335.8
58291.0,22272.0
58292.984,22209.9
58296.0,22118.8
58298.0,22060.1
58300.0,22003.5
58302.0,21946.2
58304.0,21885.8
58307.0,21794.5
58308.984,21734.2
58311.0,21675.4
58314.0,21591.1
58316.984,21505.2
58319.0,21447.6
58320.984,21390.9
58323.0,21334.4
58324.984,21278.0
58328.0,21196.1
58330.0,21139.8
58332.984,21054.8
58335.0,20999.6
58336.984,20948.0
58339.0,20894.4
58342.0,20810.4
58344.0,20758.9
58347.0,20677.5
58348.984,20625.1
58360.0,20336.1
58366.0,20184.8
58368.0,20135.1
58370.0,20084.8
58386.0,19682.7
58388.0,19636.0
58390.0,19586.7
58392.0,19541.9
58395.0,19477.6
58396.984,19435.2
58399.0,19394.7
58400.984,19354.1
58403.0,19312.8
58406.0,19251.4
58408.0,19207.4
58410.0,19160.3
58414.0,19067.5
58416.0,19022.6
58420.984,18905.6
58424.0,18840.6
58426.0,18800.8
58428.0,18762.0
58430.0,18724.2
58432.0,18686.5
58435.0,18629.1
58436.984,18591.6
58440.0,18536.0
58442.0,18499.5
58444.0,18463.8
58446.0,18426.8
58452.0,18317.7
58454.0,18281.6
58456.984,18227.3
58459.0,18191.0
58460.984,18154.3
58463.0,18118.1
58464.984,18082.5
58468.0,18027.4
58470.0,17991.8
58472.984,17940.1
58475.0,17904.0
58476.984,17867.9
58484.0,17748.0
58490.0,17640.9
58492.0,17605.3
58494.0,17570.4
58496.984,17517.1
58499.0,17480.9
58500.984,17442.9
58503.0,17408.4
58508.0,17311.1
58510.0,17274.1
58514.0,17198.3
58516.0,17160.7
58519.0,17106.3
58520.984,17069.8
58524.0,17012.6
58526.0,16973.2
58528.0,16935.9
58530.0,16897.3
58532.984,16836.7
58540.984,16691.0
58543.0,16654.4
58548.0,16562.9
58550.0,16525.1
58556.984,16394.6
58559.0,16357.9
58560.984,16323.1
58563.0,16287.5
58564.984,16253.8
58567.0,16218.9
58572.984,16111.3
58575.0,16078.5
58576.984,16046.4
58583.0,15945.4
58590.0,15829.3
58592.0,15794.0
58602.0,15623.0
58604.0,15588.6
58606.0,15554.9
58608.984,15506.7
58611.0,15473.8
58616.984,15372.2
58619.0,15337.7
58622.0,15288.9
58624.0,15255.6
58626.0,15219.1
58628.984,15168.0
58631.0,15135.8
58634.0,15089.5
58636.0,15060.3
58638.0,15029.4
58640.984,14983.9
58643.0,14954.9
58644.984,14927.9
58647.0,14897.4
58648.984,14868.4
58651.0,14839.4
58654.0,14794.9
58656.0,14763.3
58662.0,14671.2
58664.0,14639.2
58666.0,14609.0
58672.0,14511.6
58674.0,14480.2
58676.0,14449.6
58679.0,14407.4
58680.984,14378.4
58684.0,14333.7
58686.0,14303.0
58691.0,14228.8
58694.0,14183.7
58696.984,14141.5
58699.0,14113.6
58700.984,14083.1
58704.0,14040.4
58706.0,14008.1
58708.0,13980.0
58710.0,13951.0
58712.0,13922.4
58715.0,13881.6
58716.984,13855.6
58719.0,13829.4
58720.984,13801.6
58724.0,13761.7
58728.984,13691.5
58731.0,13661.4
58732.984,13631.3
58735.0,13602.3
58738.0,13562.3
58740.0,13536.4
58742.0,13510.6
58744.0,13482.7
58746.0,13456.2
58748.0,13428.0
58751.0,13383.7
58752.984,13355.9
58755.0,13327.7
58758.0,13283.1
58760.0,13253.5
58762.0,13224.3
58764.984,13180.2
58767.0,13150.6
58768.984,13121.6
58771.0,13092.4
58774.0,13048.5
58776.0,13018.3
58778.0,12988.5
58780.0,12960.4
58783.0,12917.9
58784.984,12888.8
58788.0,12845.0
58790.0,12816.8
58792.0,12788.5
58795.0,12746.5
58796.984,12717.8
58799.0,12689.2
58800.984,12660.7
58804.0,12617.3
58806.0,12588.4
58808.0,12560.4
58810.0,12532.4
58812.984,12490.7
58816.0,12452.3
58818.0,12426.4
58820.0,12402.0
58822.0,12377.6
58824.0,12351.5
58827.0,12312.3
58828.984,12286.8
58831.0,12260.3
58834.0,12221.4
58836.0,12196.7
58838.0,12171.3
58840.0,12146.1
58843.0,12104.9
58844.984,12078.7
58848.0,12037.6
58850.0,12012.6
58852.0,11987.8
58855.0,11951.2
58856.984,11925.8
58859.0,11901.4
58862.0,11864.5
58864.0,11840.1
58866.0,11815.4
58868.0,11789.2
58870.0,11764.0
58872.0,11739.0
58875.0,11702.6
58876.984,11678.7
58879.0,11655.8
58880.984,11632.4
58884.0,11596.7
58886.0,11574.0
58888.0,11547.8
58890.0,11526.0
58892.0,11502.4
58894.0,11480.5
58896.984,11441.9
58899.0,11417.9
58900.984,11393.4
58903.0,11370.5
58906.0,11335.6
58908.0,11312.5
58911.0,11279.1
58916.0,11219.2
58918.0,11195.6
58920.0,11171.2
58922.0,11145.7
58924.0,11122.0
58926.0,11097.6
58928.0,11071.8
58931.0,11034.8
58932.984,11009.6
58935.0,10983.4
58938.0,10942.4
58940.0,10917.5
58943.0,10880.0
58944.984,10854.2
58947.0,10828.3
58950.0,10791.0
58952.0,10768.2
58954.0,10745.4
58956.0,10721.0
58958.0,10696.0
58960.0,10670.7
58963.0,10634.7
58964.984,10610.1
58967.0,10585.0
58968.984,10559.6
58972.0,10523.4
58974.0,10499.0
58976.0,10474.4
58978.0,10448.5
58980.0,10423.7
58982.0,10400.1
58984.984,10364.5
58987.0,10339.4
58988.984,10315.1
58992.0,10278.9
58994.0,10254.4
58996.0,10229.7
58999.0,10193.9
59000.984,10170.4
59004.0,10134.3
59006.0,10110.8
59008.984,10076.0
59011.0,10052.7
59014.0,10016.9
59016.0,9993.6
59018.0,9971.1
59020.984,9938.2
59023.0,9914.3
59024.984,9890.3
59028.0,9856.0
59030.0,9833.4
59032.0,9810.9
59035.0,9776.0
59036.984,9752.5
59040.0,9718.0
59042.0,9694.6
59044.0,9671.5
59046.0,9649.1
59048.0,9627.8
59051.0,9593.2
59052.984,9570.0
59056.0,9536.3
59058.0,9513.6
59060.0,9490.2
59063.0,9454.2
59064.984,9430.6
59067.0,9408.1
59068.984,9384.6
59072.0,9350.5
59074.0,9327.8
59076.984,9295.1
59079.0,9275.0
59080.984,9253.6
59083.0,9232.4
59086.0,9198.3
59088.0,9175.2
59090.0,9152.5
59092.0,9129.5
59094.0,9107.6
59096.984,9074.9
59099.0,9052.2
59100.984,9029.4
59103.0,9006.8
59104.984,8983.0
59108.0,8947.5
59110.0,8924.7
59112.0,8901.5
59114.0,8878.5
59116.984,8843.4
59119.0,8820.2
59122.0,8785.6
59124.0,8763.3
59126.0,8741.4
59128.984,8708.3
59131.0,8686.6
59132.984,8664.6
59136.0,8630.6
59138.0,8608.1
59140.0,8587.0
59143.0,8553.7
59144.984,8531.5
59147.0,8509.5
59150.0,8475.5
59152.0,8453.4
59154.0,8431.9
59156.984,8399.3
59159.0,8377.5
59160.984,8355.4
59164.0,8322.1
59166.0,8299.9
59168.0,8278.2
59171.0,8245.3
59172.984,8222.7
59175.0,8200.6
59178.0,8167.8
59180.0,8145.1
59182.0,8122.9
59184.0,8100.3
59186.0,8078.1
59188.0,8056.6
59191.0,8024.4
59192.984,8003.4
59195.0,7982.5
59198.0,7949.5
59200.0,7926.9
59203.0,7894.7
59204.984,7874.4
59207.0,7853.6
59208.984,7832.2
59211.0,7810.6
59214.0,7778.8
59216.0,7757.4
59219.0,7725.8
59220.984,7704.2
59223.0,7683.5
59226.0,7652.5
59228.0,7632.3
59230.0,7611.8
59232.0,7591.5
59235.0,7560.8
59236.984,7539.6
59240.0,7507.6
59242.0,7486.3
59244.0,7466.2
59247.0,7435.7
59248.984,7415.9
59251.0,7394.8
59252.984,7373.5
59256.0,7342.0
59259.0,7312.2
59260.984,7290.9
59263.0,7269.8
59264.984,7249.7
59267.0,7228.9
59270.0,7199.4
59272.984,7169.2
59275.0,7149.0
59278.0,7118.8
59280.0,7098.3
59282.0,7077.7
59284.0,7056.7
59286.0,7036.1
59288.0,7015.3
59291.0,6985.0
59292.984,6965.9
59295.0,6946.6
59298.0,6916.7
59300.0,6897.3
59302.0,6877.6
59304.0,6858.2
59306.0,6838.2
59308.984,6808.5
59311.0,6789.9
59312.984,6771.5
59316.0,6741.8
59318.0,6721.9
59320.984,6693.1
59323.0,6673.1
59324.984,6653.3
59327.0,6634.1
59328.984,6615.5
59331.0,6596.7
59334.0,6567.7
59336.984,6538.6
59339.0,6518.8
59340.984,6499.6
59343.0,6480.4
59344.984,6461.6
59348.0,6433.2
59350.0,6414.0
59352.0,6395.7
59355.0,6369.4
59358.0,6342.7
59360.0,6323.1
59362.0,6304.4
59364.0,6285.9
59367.0,6258.1
59368.984,6239.4
59371.0,6221.2
59374.0,6194.1
59376.0,6175.7
59378.0,6157.2
59380.0,6138.1
59382.0,6119.6
59384.984,6092.4
59387.0,6076.7
59388.984,6059.9
59392.0,6032.2
59394.0,6015.0
59396.0,5996.0
59399.0,5969.9
59400.984,5952.8
59403.0,5935.3
59404.984,5921.4
59407.0,5902.7
59408.984,5884.3
59411.0,5865.9
59412.984,5850.6
59416.0,5823.1
59418.0,5804.1
59420.0,5786.1
59422.0,5767.3
59424.984,5738.9
59427.0,5719.6
59430.0,5696.4
59432.0,5685.1
59434.0,5667.8
59436.0,5649.4
59439.0,5619.3
59442.0,5590.7
59444.0,5571.6
59446.0,5553.0
59448.984,5524.7
59452.0,5496.6
59455.0,5469.1
59458.0,5441.3
59460.0,5422.6
59463.0,5395.6
59464.984,5377.8
59467.0,5359.9
59468.984,5342.8
59471.0,5328.3
59472.984,5309.7
59476.0,5282.3
59478.0,5264.0
59480.0,5246.2
59482.0,5228.1
59484.984,5199.8
59487.0,5181.0
59490.0,5153.5
59492.0,5135.0
59494.0,5117.2
59496.984,5088.1
59500.0,5062.8
59502.0,5045.8
59504.0,5028.8
59506.0,5011.4
59508.984,4983.7
59511.0,4965.8
59514.0,4939.5
59516.984,4911.3
59519.0,4893.9
59520.984,4877.3
59523.0,4861.8
59526.0,4836.1
59528.0,4818.3
59530.0,4799.8
59532.984,4774.0
59535.0,4757.3
59538.0,4730.5
59540.0,4713.4
59542.0,4695.2
59544.0,4677.0
59547.0,4650.5
59548.984,4634.0
59551.0,4616.8
59552.984,4600.3
59555.0,4584.8
59556.984,4566.8
59560.0,4539.9
59562.0,4522.3
59564.0,4505.3
59566.0,4488.7
59568.0,4471.7
59571.0,4446.6
59572.984,4430.4
59575.0,4413.7
59576.984,4396.7
59580.0,4372.1
59582.0,4355.4
59584.0,4339.2
59586.0,4322.2
59588.984,4294.7
59591.0,4276.7
59592.984,4258.7
59596.0,4231.8
59598.0,4217.4
59600.0,4202.4
59602.0,4187.3
59604.0,4170.7
59607.0,4144.1
59608.984,4126.9
59611.0,4110.7
59614.0,4084.6
59616.0,4065.8
59618.0,4050.9
59620.0,4035.5
59623.0,4013.0
59624.984,3997.0
59627.0,3980.8
59628.984,3964.4
59631.0,3947.7
59634.0,3923.6
59636.0,3906.8
59638.0,3891.2
59640.0,3875.5
59643.0,3850.8
59644.984,3835.7
59647.0,3820.0
59648.984,3804.4
59652.0,3783.5
59654.0,3769.5
59656.984,3744.7
59659.0,3728.1
59660.984,3711.9
59664.0,3687.5
59666.0,3670.8
59668.0,3655.0
59670.0,3639.9
59672.984,3615.0
59675.0,3599.6
59676.984,3583.8
59679.0,3566.9
59680.984,3551.6
59684.0,3526.8
59686.0,3510.3
59688.0,3494.6
59690.0,3478.9
59692.984,3455.1
59695.0,3438.8
59698.0,3413.5
59700.0,3397.0
59702.0,3380.6
59704.0,3362.2
59706.0,3346.4
59708.0,3329.4
59711.0,3305.8
59712.984,3290.0
59715.0,3273.9
59716.984,3258.3
59720.0,3234.1
59722.0,3219.4
59724.0,3205.0
59726.0,3190.1
59728.0,3174.2
59731.0,3152.6
59732.984,3137.2
59736.0,3113.1
59738.0,3097.6
59740.0,3082.6
59742.0,3066.3
59744.0,3050.7
59747.0,3028.4
59748.984,3011.9
59751.0,2997.3
59754.0,2972.8
59756.0,2956.1
59758.0,2938.6
59760.984,2916.5
59763.0,2900.5
59766.0,2879.0
59768.0,2864.9
59770.0,2849.7
59772.0,2835.9
59774.0,2820.2
59776.0,2804.9
59779.0,2782.5
59782.0,2760.5
59784.0,2745.1
59786.0,2729.2
59788.984,2705.6
59791.0,2691.2
59794.0,2669.4
59796.0,2653.8
59798.0,2637.7
59800.984,2611.9
59803.0,2597.6
59806.0,2577.6
59808.0,2564.3
59810.0,2550.1
59812.0,2534.1
59815.0,2512.2
59818.0,2489.3
59820.0,2474.4
59822.0,2458.6
59824.0,2443.2
59827.0,2422.6
59828.984,2407.1
59831.0,2391.7
59832.984,2376.9
59836.0,2358.3
59838.0,2344.8
59840.0,2330.3
59842.0,2315.7
59844.984,2292.7
59847.0,2277.5
59850.0,2256.2
59852.0,2241.5
59854.0,2227.5
59856.0,2212.6
59858.0,2197.7
59860.0,2183.5
59863.0,2162.1
59864.984,2148.2
59867.0,2135.6
59868.984,2122.5
59872.0,2101.0
59874.0,2087.2
59876.0,2072.1
59879.0,2048.2
59880.984,2033.9
59884.0,2016.0
59886.0,2002.1
59888.0,1987.5
59890.0,1973.4
59892.0,1958.7
59895.0,1937.6
59898.0,1916.4
59900.0,1904.7
59902.0,1891.6
59904.984,1871.2
59907.0,1859.4
59908.984,1846.1
59911.0,1832.4
59912.984,1818.1
59916.0,1795.3
59918.0,1780.2
59920.0,1764.4
59922.0,1749.0
59924.984,1724.4
59927.0,1709.0
59928.984,1693.6
59931.0,1677.5
59934.0,1655.3
59936.0,1639.1
59938.0,1623.3
59940.984,1599.2
59943.0,1582.9
59944.984,1567.6
59947.0,1551.5
59950.0,1529.0
59952.0,1515.2
59954.0,1506.5
59956.984,1514.8
59959.0,1516.9
59962.0,1517.1
59964.0,1517.0
59966.0,1516.9
